 

ῥ777.

7777777

. ,77 777 7777

7κ7ῑ7

1777 71 777

,777777777777

77. ,77777777

77777777777777

{2

777 T. 7. 7 ,Ι 77777 77717771ῇ77..

7777777777 77 77.77777.7777777

7777777777.

7 77777777 7 77777777 ,,,7
7777τ77777κ777777777

K s 77 77 777777777 777 ,7 77] 7 71777771 77777777

7777 ,7777 7777777777777754

7,77 ημψψ

,77777777 777
777 1 . 77 sv ι 77. . 777-77777777...
, 7 717777 A 77777777777777.
7 .7 77777777 ,777777777ἱ
s 77777 7777 [777777 [7777747777

7777ή77ῑ7ἶ7κ

7ῑ777κ7717777ῑῑ7117ῐῑ

s 7 7777 7777 ,77 777 71777777777777777

77 77777 777κ77777 7.. 7

..77777777 7. ,77] [7777

Σ ι. 777 77 7 7777. 777.7777...

7

,ζ 77777777 777] 77.7 ,777 ,17177717777777777777777

,7 77 777 7777777777 7 ,1777777777 777 777-77777777 717777
77777 77777ι77777177777777 771 ,77] ,1777777777
77 777177. 7717777777] ,7777777 777777777771777717

7 7 77 7 7717777777 7777 7777777777 77777777777777775Δ 77.7

77,;;7;7;;;κ Ατ7ἑττ7ῑ777η7ττ77τῑῑτ7ῐῃς7

777777777777777 ’.77777777777 7777.,.77,[77777 7). ,7777774777
{ccvi
77 77 ,7 ,7.77 77777 77777

. 77777777777777777 7,-7777-777-47-Μκ7- 77-ζ777-77 L—Z: ’.71

77 77777] [777717777777177777

7 7777777777] 77777777 77777 7777777777777 7777771777

7777 7 J ,κ *ssa-

iri: 777 77777717 Δ7777777771 777 s 77 7 ,7777771777 777777
ῑ77;ή7ῑι;;7 τ77,ῑ7;ῑ7,λη77
77777 77777777 ,,777777777777 7777777777777. 7777 [7777777777.
,7777377777777777 [7777777777 7777777777] 7 7777777777 4777
777777 77 7717777777 ,7777777777 -Ι777,Ι 7.777Ἆ77Ῐ,7 Ι77ΙΙ7.7.7Ἅ.7
7,.7777 ,77777 777 7777777777777 77777777777777 ,17 7777777777
,77777777717777777177777777777 77777777
[,77777 7 ,,7777777777. [77777 ,7777771 [7777777777777777
77 ‚7 7 77 7777777777777777Ῑ 7. 17771777717777777777777
. . 77 777 7777ι ,777 7 7 7777 777.. 7717777177777777 ,77777777

. 7 7777777777777777777777777,

s„ 7717777777 777 ..7777777777

77 77 727⁴<

7 ι77777 ,17777777777777ῖ [7777777777 777
,77777777 77777777 7777] 77777 7777777777 7

LE 7777777

777777777777777 [7717777 7777 7777 77 1777777,

1777 ,777777 7777777777 Σ

-.777777 ,,7777717177777777 ig.) tm

7777777 7777777 ,77 777 7777777 77 f 7
,7777 7777773777 777 7 77 7 7 777 f 7
7 ἱ777777 7777777 77 777 ,777777777 77777777 477

1777777777777777 77777777177777777 7 7777

Ι777777ι777777 7777 7777 7777777777 7777 777 77

77777777777777777777 77777 77777777777777 7777777
[7777777 ..7777777777 4777777777777777η 7777 7777
Ι7777777777 777777771777 777 ,777777ι7 ,7

Ι7777777 7777777 ,77777777777777777777 777774

7777777] 7Ῑ7777777777777777777 ..7777777777
7 77777777 7777777777777ι77ῤ7777 77
7 ,77777777 7777 7777777777 7777777777

Ι[77 ,7 77777, 777 . 77

[77777777177777 ,7777773777 7771 77

,724 77777777777777 .. †‡1:‡ 77

,ΞΛ ,77777777 7777 77 ,7777 77 77

777-7771777777 77777777 77777777 ,7777777777 7 777

7777777777777777 77777777777777 77777 ,7777777
7777777 77777.- 7 7777777777 777777.κ

777, 7777 777. ,7777 7,.,7777 7777777777

[77777 7777777] s

7 Ι777777777777777.7777; z:

Eam—§.TE

4777 »7777771777777 ι7ι77 777

ἱ 777777777777
77 777777
7777777,7.ι77777
77777» 7. 7777777

77 7777777177κ77-

7 7 77] 77777777777777

[777 777 7777 ,7777

,77-,ιΙ
s ,7.777 ,77777

77.777777]7ζ7.7

7 777 77, κ 7777777

7777 777777777777

77771777
15.ss- -

 

 

